$ANSIBLE_VAULT;1.1;AES256
31333136373565343333326361353339636263636436333165393539623735363134623635393261
6330613235643036646165313633383962333631363034650a326539366331613032633161623062
34653137393765333962626362633436313965616430356361343661336134303034633366333035
3862323637653462310a646138383864353438626465623631643935626235353133303164383566
37316436623061376564336138386237326139316234623266353239306135373137323462643736
64363136663661373666376433333438326233643835626261306133393137376664636331663537
31656166353031666231333762626336393664623466313736636165613931363036316264653039
61636437656330366434333639303035623736633337326237386138386166633937636233343461
63653730333733383938376234343662336230373336393566376231656530323030633363363561
36643937626238303532393335663532326438353365373635643761336333626533373764616633
61303239663963383433646532343334383733303138633130663738396166336232333336323339
32353064323037396463653131326235616432363565333264396535353961653863303063653766
38316237363233613961323139303835323437393861396133613936396632323664643363393131
64613336393539326131653466363565623635383965646330653637366631666537346235336130
35323066653938323837653062353434386665346430666433376233386366306163303234303065
35383734653335363635366461343965353534323165386131303763613561333634306137386238
34323766323164356234366337336636346662663036626333663336376430653733323638663366
36373237343135656436396563376262383566346533383665336361643066316465306438633164
38336339323534336162376336643431306263396538373331373832653564653261643438313333
61303162366138333433623934386136303133373763626134346363643065663364363736376233
31373033613932343330353461613236633130653034373435613532663134343262363734666264
62613830653364323561396332316661653663383062656631396463323330353432313763363831
62613139656638373036356462613832343731633336613430373131636534383561396662316566
32656362323838613862
